1.000000000000000000e+00
1.000000000000000000e+00
1.000000000000000000e+00
1.000000000000000000e+00
1.000000000000000000e+00
1.000000000000000000e+00
1.000000000000000000e+00
1.000000000000000000e+00
1.000000000000000000e+00
1.000000000000000000e+00
1.000000000000000000e+00
9.999799999999999800e-01
9.997500000000000275e-01
9.982999999999999652e-01
9.900900000000000256e-01
9.618200000000000083e-01
8.909700000000000397e-01
7.711500000000000021e-01
6.135800000000000143e-01
4.437800000000000078e-01
2.921900000000000053e-01
1.771800000000000042e-01
9.918000000000000427e-02
5.115000000000000102e-02
2.454999999999999891e-02
1.078999999999999924e-02
4.179999999999999688e-03
1.319999999999999993e-03
4.800000000000000122e-04
1.399999999999999877e-04
