2.928100000000000147e-01
2.841500000000000137e-01
2.830300000000000038e-01
2.391699999999999937e-01
1.997700000000000031e-01
1.997400000000000009e-01
1.992400000000000004e-01
1.716100000000000125e-01
1.575900000000000079e-01
1.575300000000000034e-01
1.561299999999999910e-01
1.217499999999999971e-01
1.091599999999999931e-01
1.086600000000000066e-01
1.066099999999999964e-01
1.020199999999999996e-01
6.235999999999999877e-02
5.795999999999999763e-02
5.788000000000000089e-02
5.732999999999999902e-02
5.480000000000000149e-02
5.147999999999999798e-02
2.665999999999999967e-02
1.435999999999999950e-02
9.459999999999999659e-03
9.100000000000000450e-03
7.329999999999999710e-03
6.450000000000000004e-03
6.440000000000000412e-03
5.899999999999999863e-03
