3.705300000000000260e-01
3.270899999999999919e-01
3.263300000000000090e-01
3.257300000000000195e-01
3.218199999999999950e-01
2.548199999999999910e-01
2.238199999999999912e-01
2.237500000000000044e-01
2.237099999999999922e-01
2.151700000000000002e-01
1.755200000000000093e-01
1.744699999999999862e-01
1.724199999999999899e-01
1.722299999999999942e-01
1.320399999999999907e-01
1.246600000000000069e-01
1.246499999999999969e-01
1.242400000000000032e-01
1.211300000000000016e-01
1.133799999999999947e-01
6.325999999999999679e-02
6.142000000000000237e-02
6.140000000000000319e-02
6.124999999999999889e-02
5.843000000000000277e-02
1.782999999999999863e-02
1.101000000000000069e-02
1.024000000000000084e-02
5.950000000000000427e-03
3.939999999999999926e-03
