4.163899999999999824e-01
4.068399999999999794e-01
3.639700000000000157e-01
3.585200000000000053e-01
3.551599999999999757e-01
3.097500000000000253e-01
2.988700000000000245e-01
2.573099999999999832e-01
2.401399999999999924e-01
2.401099999999999901e-01
2.401099999999999901e-01
2.397700000000000109e-01
1.929099999999999981e-01
1.536399999999999988e-01
1.404100000000000070e-01
1.309700000000000031e-01
1.253799999999999915e-01
8.951000000000000623e-02
6.333999999999999353e-02
6.311999999999999555e-02
6.307999999999999718e-02
6.307000000000000106e-02
4.841000000000000164e-02
2.752999999999999892e-02
2.350999999999999965e-02
1.179000000000000013e-02
1.175000000000000003e-02
1.102000000000000028e-02
4.950000000000000407e-03
3.690000000000000138e-03
