3.581199999999999939e-01
3.267200000000000104e-01
3.264599999999999724e-01
3.264599999999999724e-01
3.264599999999999724e-01
3.007000000000000228e-01
2.302899999999999947e-01
2.259500000000000119e-01
2.237800000000000067e-01
2.205799999999999983e-01
2.091099999999999903e-01
1.579500000000000071e-01
1.490200000000000136e-01
1.444000000000000006e-01
1.426900000000000113e-01
1.358499999999999985e-01
1.339799999999999880e-01
1.233199999999999991e-01
7.734000000000000596e-02
7.610000000000000098e-02
7.348000000000000365e-02
7.265000000000000624e-02
7.191000000000000170e-02
6.754999999999999893e-02
4.028000000000000330e-02
1.518000000000000078e-02
1.463000000000000064e-02
1.387999999999999998e-02
9.570000000000000381e-03
7.579999999999999932e-03
