1.000000000000000000e+00
1.000000000000000000e+00
1.000000000000000000e+00
1.000000000000000000e+00
1.000000000000000000e+00
1.000000000000000000e+00
1.000000000000000000e+00
1.000000000000000000e+00
9.993499999999999606e-01
9.499699999999999811e-01
6.610000000000000320e-01
3.374300000000000077e-01
1.603799999999999948e-01
7.731999999999999984e-02
3.588999999999999829e-02
1.618999999999999953e-02
6.510000000000000162e-03
2.589999999999999854e-03
1.030000000000000100e-03
4.099999999999999912e-04
1.200000000000000030e-04
3.000000000000000076e-05
0.000000000000000000e+00
0.000000000000000000e+00
0.000000000000000000e+00
0.000000000000000000e+00
0.000000000000000000e+00
0.000000000000000000e+00
0.000000000000000000e+00
0.000000000000000000e+00
