1.000000000000000000e+00
1.000000000000000000e+00
1.000000000000000000e+00
1.000000000000000000e+00
1.000000000000000000e+00
1.000000000000000000e+00
1.000000000000000000e+00
1.000000000000000000e+00
1.000000000000000000e+00
1.000000000000000000e+00
9.996899999999999675e-01
9.895300000000000207e-01
9.160199999999999454e-01
7.332600000000000229e-01
5.079500000000000126e-01
3.174500000000000099e-01
1.819600000000000106e-01
9.601999999999999424e-02
4.673999999999999683e-02
2.149999999999999828e-02
9.029999999999999832e-03
3.650000000000000033e-03
1.360000000000000098e-03
3.800000000000000209e-04
1.200000000000000030e-04
2.000000000000000164e-05
2.000000000000000164e-05
0.000000000000000000e+00
0.000000000000000000e+00
0.000000000000000000e+00
