4.262699999999999823e-01
3.790299999999999780e-01
2.870300000000000074e-01
2.786299999999999888e-01
2.786100000000000243e-01
2.785400000000000098e-01
2.646600000000000064e-01
1.780899999999999983e-01
1.760599999999999943e-01
1.760500000000000120e-01
1.728399999999999936e-01
1.623199999999999921e-01
1.245799999999999963e-01
1.243500000000000022e-01
1.216399999999999981e-01
1.181299999999999989e-01
1.163499999999999951e-01
7.560999999999999666e-02
6.199999999999999956e-02
6.196999999999999731e-02
6.196000000000000119e-02
6.189000000000000057e-02
4.161000000000000115e-02
2.297000000000000083e-02
2.178000000000000075e-02
1.167999999999999941e-02
1.124999999999999958e-02
1.098999999999999977e-02
6.680000000000000174e-03
3.720000000000000216e-03
