4.716199999999999837e-01
4.271199999999999997e-01
3.171200000000000130e-01
3.075499999999999901e-01
3.074000000000000066e-01
3.057500000000000218e-01
3.018500000000000072e-01
2.560399999999999898e-01
2.489800000000000069e-01
2.485100000000000087e-01
2.482499999999999984e-01
2.442199999999999926e-01
1.812699999999999867e-01
1.309400000000000008e-01
1.297599999999999865e-01
1.296799999999999897e-01
1.281299999999999939e-01
1.244200000000000028e-01
7.487000000000000599e-02
7.235999999999999377e-02
7.033000000000000362e-02
6.851999999999999758e-02
6.816999999999999449e-02
5.387999999999999734e-02
3.744000000000000106e-02
2.443000000000000033e-02
1.677000000000000018e-02
1.525999999999999926e-02
1.386000000000000079e-02
7.590000000000000392e-03
